1352 
43 1 1 100 30588 2.000000375
31 49 1 100 2946472 2.000001218
86 61 1 100 39067 2.000001538
24 75 1 100 9615181 2.000002315
83 105 1 100 1025665 2.000002711
126 30 1 100 6353029 2.000002845
36 130 1 100 59850 2.000003074
99 119 1 100 49135 2.000003298
27 55 1 100 57325 2.000004771
79 82 1 100 8812427 2.000006962
121 68 1 100 6677 2.000007601
117 122 1 100 1753653 2.000007610
117 13 2 100 54586 2.000007888
15 141 1 100 20661 2.000007941
84 135 1 100 7174035 2.000008708
28 13 1 100 33994 2.000009038
36 135 2 100 6712750 2.000009682
68 62 1 100 30972 2.000010727
86 19 2 100 77322 2.000012221
136 36 1 100 79475 2.000012888
130 119 1 100 42518 2.000016811
20 90 1 100 17912 2.000017091
92 72 1 100 52061 2.000017395
78 12 1 100 6285644 2.000017597
68 49 2 100 3020 2.000018417
111 52 1 100 30121 2.000018779
41 81 1 100 42266 2.000019022
91 46 1 100 6491132 2.000019864
18 109 1 100 1542787 2.000020893
49 140 1 100 8579 2.000021360
48 63 1 100 45138 2.000021384
103 130 1 100 18046 2.000021496
102 23 1 100 137101 2.000022194
136 70 2 100 29805 2.000022614
54 42 1 100 526532 2.000023366
82 40 1 100 5465669 2.000024258
77 31 1 100 7621 2.000025385
2 41 1 100 21245 2.000025837
74 117 1 100 4866454 2.000026726
139 82 1 100 199447 2.000027443
38 115 1 100 21751889 2.000027534
60 91 1 100 1321601 2.000027748
118 108 1 100 1257850 2.000028217
53 35 1 100 155059 2.000028643
28 133 2 100 54406 2.000029467
87 79 1 100 6209 2.000030022
38 122 2 100 40551 2.000030257
128 105 1 100 1586673 2.000031048
31 30 2 100 39954 2.000031826
114 69 1 100 6966365 2.000031847
127 131 1 100 9137631 2.000032519
102 78 2 100 59143 2.000032700
17 133 1 100 5942937 2.000034138
54 123 2 100 47736 2.000034269
15 8 2 100 594 2.000034816
119 11 1 100 148899 2.000035102
135 82 1 100 16585 2.000035615
34 31 1 100 849426 2.000037927
50 26 1 100 20772 2.000037972
1 97 1 100 26766 2.000039043
25 21 1 100 3649308 2.000040348
125 66 1 100 8281 2.000041856
43 35 2 100 500896 2.000041929
89 22 1 100 8635285 2.000042065
64 128 1 100 68360 2.000042545
64 2 2 100 14515 2.000043031
5 31 1 100 724056 2.000043057
80 50 1 100 72881 2.000043562
56 96 1 100 14236619 2.000044747
110 33 1 100 29075592 2.000045232
135 53 2 100 24553 2.000045477
129 127 1 100 3163271 2.000045901
143 50 1 100 472695 2.000045992
57 45 1 100 47426 2.000046344
37 30 1 100 60547 2.000047187
20 79 2 100 27729 2.000047204
130 61 2 100 2077217 2.000047315
47 20 1 100 689335 2.000047658
14 96 1 100 2711248 2.000047983
125 62 2 100 2627 2.000048852
134 140 1 100 717608 2.000049034
116 64 1 100 1811063 2.000049799
51 81 1 100 932736 2.000050459
2 72 2 100 42743 2.000051613
121 46 2 100 28485 2.000051902
32 46 1 100 2766 2.000051928
124 95 1 100 849015 2.000052765
115 141 1 100 3312 2.000052774
115 76 2 100 25448 2.000053788
62 16 1 100 23500 2.000054504
118 6 2 100 28248351 2.000055554
101 34 1 100 58944 2.000056571
44 60 1 100 3803 2.000057024
97 61 1 100 56864 2.000057203
9 19 1 100 17725 2.000057624
112 20 1 100 252 2.000057642
15 34 3 100 3317883 2.000059384
84 3 2 100 62478 2.000059799
23 75 1 100 179663 2.000059998
95 105 1 100 538733 2.000060874
110 127 2 100 2452148 2.000061259
108 38 1 100 7648 2.000062390
13 61 1 100 675354 2.000062413
128 23 2 100 125580 2.000062566
120 98 1 100 2341 2.000062873
57 60 2 100 50006 2.000063395
48 76 2 100 31895 2.000063437
127 14 2 100 784731 2.000063898
142 130 1 100 1419411 2.000063963
89 44 2 100 9782060 2.000064125
27 136 2 100 66922 2.000064913
95 55 2 100 473110 2.000066401
55 97 1 100 1057726 2.000066612
105 89 1 100 23003884 2.000067261
80 33 2 100 66209 2.000070141
124 3 2 100 183595 2.000070195
112 17 2 100 5221891 2.000070635
143 66 2 100 21978 2.000071785
138 122 1 100 21924 2.000072111
73 82 1 100 3596491 2.000072515
93 100 1 100 1428694 2.000072734
44 33 2 100 5419 2.000073041
125 17 3 100 41852 2.000073221
128 142 3 100 8821485 2.000073237
126 17 2 100 1347644 2.000073946
4 118 1 100 73944 2.000074635
27 109 3 100 4370567 2.000074824
109 59 1 100 41206 2.000076274
65 91 1 100 166396 2.000076291
44 143 3 100 24799 2.000077123
77 17 2 100 57735 2.000077918
121 16 3 100 6598640 2.000078350
67 109 1 100 6895 2.000078579
76 65 1 100 58070 2.000079260
122 53 1 100 836025 2.000079762
67 141 2 100 1451285 2.000080840
6 61 1 100 70303 2.000081145
43 87 3 100 2477 2.000081386
125 29 4 100 1919186 2.000081924
113 66 1 100 47396 2.000082129
71 141 1 100 21797 2.000083042
37 56 2 100 30214 2.000084841
44 127 4 100 1717660 2.000086603
62 14 2 100 66557 2.000086979
124 28 3 100 4255381 2.000087113
122 116 2 100 16070 2.000087149
6 14 2 100 34230 2.000087536
128 101 4 100 2893607 2.000088038
33 36 1 100 20792 2.000088703
98 25 1 100 9983171 2.000089085
37 20 3 100 50150 2.000090170
76 33 2 100 123393 2.000091170
70 62 1 100 17433 2.000092400
15 56 4 100 41959 2.000092776
10 120 1 100 264527 2.000092957
59 60 1 100 1971011 2.000093548
75 95 1 100 143 2.000093588
62 92 3 100 35224 2.000094189
131 81 1 100 40215 2.000094285
31 26 3 100 66057 2.000094830
114 131 2 100 50168 2.000096565
101 27 2 100 2360723 2.000096940
134 104 2 100 13635 2.000097218
26 79 1 100 9374 2.000097257
133 45 1 100 14359 2.000097395
38 17 3 100 23699 2.000098063
142 117 2 100 21901 2.000098554
51 1 2 100 1592785 2.000100488
13 110 2 100 1991280 2.000103237
22 130 1 100 724 2.000103597
7 42 1 100 193339 2.000104135
20 2 3 100 23019 2.000104714
107 27 1 100 15566574 2.000104715
86 62 3 100 10221121 2.000105239
20 88 4 100 6345350 2.000105521
106 61 1 100 10165 2.000105553
43 4 4 100 7493505 2.000105844
136 74 3 100 1744291 2.000106138
134 37 3 100 55635 2.000106197
43 59 5 100 21609 2.000107921
141 34 1 100 3871 2.000108512
25 108 2 100 47472 2.000109071
0 53 1 100 834125 2.000109132
69 57 1 100 1323580 2.000109185
35 123 1 100 23803 2.000109511
61 25 1 100 3099625 2.000109532
88 4 1 100 696097 2.000109605
44 83 5 100 191150 2.000110789
128 115 5 100 64256 2.000110874
51 91 3 100 7550 2.000111683
44 122 6 100 358805 2.000111781
23 110 2 100 37709 2.000112489
73 49 2 100 8391 2.000112630
0 33 2 100 42733 2.000112876
91 11 2 100 19894 2.000112961
135 73 3 100 78098 2.000114364
66 138 1 100 57765 2.000115033
40 70 1 100 20869 2.000116805
142 82 3 100 3802824 2.000116924
83 60 2 100 954679 2.000117451
11 137 1 100 4233669 2.000117568
19 16 1 100 23198 2.000117774
27 137 4 100 167773 2.000118245
53 7 2 100 74816 2.000119145
30 137 1 100 9867 2.000120239
92 111 2 100 95288 2.000120489
27 89 5 100 5783842 2.000121299
29 131 1 100 1223848 2.000121340
54 107 3 100 1913368 2.000122527
0 128 3 100 59917 2.000124397
11 130 2 100 29912 2.000125289
75 128 2 100 11892 2.000125820
143 53 3 100 69278 2.000126285
128 37 6 100 11033705 2.000127645
64 81 3 100 604885 2.000127847
36 138 3 100 39584 2.000127906
55 9 2 100 3872 2.000128939
77 60 3 100 24120 2.000129175
75 128 3 100 27341 2.000130037
84 91 3 100 9011 2.000131226
2 61 3 100 24355 2.000132136
63 13 1 100 52841 2.000132842
100 10 1 100 4769220 2.000133389
87 41 2 100 55566 2.000133704
122 59 3 100 27123 2.000135939
20 119 5 100 77753 2.000136911
69 109 2 100 1826476 2.000137949
86 140 4 100 8299 2.000138130
140 57 1 100 783468 2.000138983
35 26 2 100 7779809 2.000139762
43 95 6 100 1974821 2.000140297
106 77 2 100 19310 2.000140614
84 104 4 100 65057 2.000141264
37 62 4 100 42560 2.000141423
27 31 6 100 34773 2.000141478
70 110 2 100 44446 2.000142179
19 136 2 100 37230 2.000142185
40 57 2 100 3792 2.000142228
82 76 2 100 9556001 2.000143022
30 70 2 100 39520 2.000143152
134 1 4 100 20465 2.000143264
138 49 2 100 23234 2.000145377
143 20 4 100 25531 2.000145767
79 87 2 100 186421 2.000146558
63 64 2 100 8961427 2.000147871
81 31 1 100 17608 2.000148012
20 71 6 100 6506 2.000148015
1 34 2 100 1860376 2.000148177
88 51 2 100 24082 2.000148185
89 59 3 100 843244 2.000148965
74 128 2 100 1592236 2.000149543
131 98 2 100 843234 2.000150308
124 143 4 100 1239733 2.000150702
28 128 3 100 3039675 2.000150783
33 56 2 100 41599 2.000151209
30 54 3 100 1731546 2.000153032
35 32 3 100 19499504 2.000154527
54 10 4 100 8476 2.000154941
93 42 2 100 68500 2.000155702
49 5 2 100 8430 2.000156146
139 58 2 100 9384 2.000156358
109 7 2 100 34864 2.000157156
16 51 1 100 7629 2.000157310
44 111 7 100 3532 2.000157483
39 15 1 100 1252008 2.000158661
75 140 4 100 61812 2.000158664
71 109 2 100 25931 2.000159200
70 61 3 100 1697943 2.000160089
11 10 3 100 23910 2.000160692
24 66 2 100 22534 2.000161193
118 141 3 100 4120 2.000161894
39 69 2 100 42 2.000162699
93 77 3 100 23641 2.000163011
34 56 2 100 114599 2.000164064
24 10 3 100 4092 2.000164279
4 54 2 100 209948 2.000167836
43 23 7 100 76719 2.000167914
99 62 2 100 86486 2.000169222
35 88 4 100 1898078 2.000170025
11 90 4 100 40713 2.000170368
64 33 4 100 24574 2.000171685
121 71 4 100 14885 2.000172506
38 41 4 100 20898 2.000172539
88 124 3 100 6266 2.000173162
39 15 3 100 61870 2.000174037
92 40 3 100 4535481 2.000175079
132 83 1 100 4505251 2.000176062
48 106 3 100 3732770 2.000176273
89 66 4 100 6735 2.000177195
3 91 1 100 37089 2.000177245
114 21 3 100 25217 2.000178623
83 18 3 100 3677581 2.000179463
100 52 2 100 4035 2.000180009
24 104 4 100 194292 2.000180902
19 87 3 100 23285526 2.000182679
98 95 2 100 20460 2.000182922
83 17 4 100 435633 2.000183194
14 82 2 100 648349 2.000184148
33 92 3 100 74972 2.000184996
104 15 1 100 3599482 2.000185312
92 108 4 100 26402192 2.000185825
141 39 2 100 7169 2.000187553
121 79 5 100 11346 2.000187838
0 127 4 100 597414 2.000188499
46 68 1 100 951966 2.000189228
41 19 2 100 637 2.000190266
19 48 4 100 80617 2.000190430
135 30 4 100 67579 2.000190939
28 36 4 100 929947 2.000191489
71 129 3 100 4858567 2.000193892
29 63 2 100 61313 2.000194940
81 53 2 100 611658 2.000195304
67 88 3 100 2152041 2.000195703
83 80 5 100 74282 2.000195835
130 38 3 100 9762 2.000196284
110 12 3 100 20787 2.000196576
48 88 4 100 1985 2.000196847
84 64 5 100 72801 2.000197079
45 81 1 100 1996 2.000197654
61 128 2 100 8767911 2.000197718
99 80 3 100 10925 2.000199005
53 48 3 100 654090 2.000199629
141 14 3 100 840655 2.000199636
140 94 2 100 54450 2.000199833
136 61 4 100 38168 2.000201542
79 137 3 100 40695 2.000202119
131 105 3 100 27042 2.000202262
65 82 2 100 1014264 2.000204086
129 88 2 100 22011 2.000204235
7 139 2 100 48123 2.000205786
71 93 4 100 1994403 2.000206171
17 35 2 100 697967 2.000206408
35 10 5 100 26007377 2.000206583
2 70 4 100 65948 2.000206873
76 56 3 100 66439 2.000207437
103 42 2 100 29244 2.000207643
117 91 3 100 25515488 2.000208629
102 40 3 100 19679 2.000209013
126 18 3 100 1074997 2.000210671
98 61 3 100 38307 2.000213650
7 38 3 100 22234 2.000215953
11 30 5 100 469486 2.000216586
23 22 3 100 957731 2.000216721
28 65 5 100 1645767 2.000217333
5 126 2 100 54737 2.000218080
81 37 3 100 22132406 2.000218084
72 97 1 100 731652 2.000218391
119 105 2 100 2024462 2.000218426
11 66 6 100 189003 2.000218995
100 0 3 100 5490 2.000220805
81 58 4 100 31074 2.000221707
35 78 6 100 4093519 2.000222226
26 126 2 100 1855786 2.000223062
114 143 4 100 8979960 2.000223747
143 94 5 100 27509 2.000224280
129 41 3 100 377795 2.000224541
103 118 3 100 1698715 2.000226136
70 29 4 100 2752 2.000226140
55 66 3 100 4359287 2.000226369
41 133 3 100 25764 2.000227857
20 38 7 100 49358 2.000227995
143 34 6 100 9780 2.000229184
135 46 5 100 7946 2.000229463
48 120 5 100 28997 2.000230312
67 99 4 100 24083 2.000230456
8 59 1 100 3875587 2.000230561
99 57 4 100 8023 2.000231795
22 8 2 100 188602 2.000233047
44 57 8 100 76946 2.000233178
134 92 5 100 4466719 2.000233352
44 59 9 100 10141 2.000234374
140 59 3 100 33107 2.000234379
128 86 7 100 2971 2.000235381
85 72 1 100 109624 2.000235732
96 107 1 100 2644126 2.000236337
86 103 5 100 38039 2.000236557
12 15 1 100 34327 2.000236868
122 77 4 100 1650145 2.000236917
69 75 3 100 4296963 2.000237767
108 4 2 100 376899 2.000237881
86 41 6 100 61599 2.000238517
12 23 2 100 5434203 2.000238983
112 100 3 100 3050 2.000239226
47 86 2 100 712994 2.000239954
143 94 7 100 7122 2.000240211
50 1 2 100 54606 2.000240819
81 67 5 100 23343218 2.000241084
132 135 2 100 1061255 2.000242680
10 120 2 100 1115188 2.000243076
124 71 5 100 24793 2.000243265
70 14 5 100 28516 2.000243649
89 5 5 100 807122 2.000243803
138 85 3 100 1747122 2.000244281
6 95 3 100 5812 2.000244766
135 123 6 100 21569 2.000244865
13 28 3 100 4475346 2.000245150
143 75 8 100 29767 2.000245426
89 55 6 100 5879558 2.000246309
0 1 5 100 626739 2.000247311
106 47 3 100 195503 2.000247692
64 28 5 100 9323 2.000247806
134 125 6 100 3571 2.000247956
58 52 1 100 122546 2.000248048
133 50 2 100 58752 2.000248410
100 115 4 100 11814 2.000248506
85 35 2 100 3894185 2.000249159
42 114 1 100 25387 2.000250677
18 72 2 100 3174704 2.000251260
106 34 4 100 20074962 2.000252321
137 55 1 100 67258 2.000252715
109 62 3 100 3313 2.000252852
38 21 5 100 9334180 2.000253282
139 105 3 100 3571607 2.000255714
75 68 5 100 48545 2.000256148
141 102 4 100 2592986 2.000256651
124 57 6 100 54983 2.000256723
95 85 3 100 1135111 2.000257086
54 102 5 100 1777464 2.000259055
8 29 2 100 4052 2.000259215
19 66 5 100 1950070 2.000259571
26 29 3 100 52081 2.000261787
101 62 3 100 1291652 2.000262042
102 8 4 100 321218 2.000262897
83 97 6 100 32430 2.000263973
62 37 4 100 55292 2.000268070
31 96 4 100 37525 2.000268511
92 111 5 100 25028764 2.000268640
91 56 3 100 26852 2.000269818
123 30 1 100 25739854 2.000269826
17 21 3 100 446502 2.000269974
6 52 4 100 4799250 2.000270493
6 92 5 100 8477 2.000271072
90 24 1 100 76659 2.000272445
138 50 4 100 3256 2.000273033
109 86 4 100 774286 2.000273652
98 19 4 100 1482 2.000274613
64 101 6 100 9297 2.000274884
26 121 4 100 10185 2.000275813
48 53 6 100 68558 2.000277010
32 82 2 100 8227088 2.000277412
19 134 6 100 1825654 2.000278490
120 87 2 100 728 2.000279036
139 70 4 100 27727 2.000281085
33 113 4 100 389170 2.000281234
11 99 7 100 1976410 2.000281635
34 90 3 100 31469 2.000283121
63 56 3 100 29149 2.000284027
34 84 4 100 3046919 2.000284460
14 4 3 100 1811763 2.000284639
70 137 6 100 314052 2.000284645
97 24 2 100 29720 2.000284745
114 115 5 100 24944 2.000285257
87 79 3 100 2779 2.000286632
115 138 3 100 1621661 2.000286691
142 46 4 100 194309 2.000288444
91 119 4 100 197120 2.000289118
93 81 4 100 27959741 2.000289771
56 137 2 100 559 2.000291489
45 140 2 100 6807 2.000292149
66 45 2 100 23299 2.000292294
45 57 3 100 716765 2.000292764
54 11 6 100 28117 2.000293486
41 77 4 100 13276 2.000293930
133 93 3 100 554417 2.000294284
51 99 4 100 2289210 2.000295170
138 19 5 100 19586134 2.000296932
129 5 4 100 9019153 2.000298514
41 55 5 100 28504 2.000299635
18 71 3 100 632249 2.000301037
90 111 2 100 112700 2.000301125
112 71 4 100 913004 2.000302648
143 7 9 100 2627 2.000302672
94 98 1 100 30430 2.000302949
108 52 3 100 9733 2.000304522
45 49 4 100 8983 2.000305234
101 78 4 100 802 2.000305304
2 18 5 100 53067 2.000306889
23 89 4 100 53419 2.000307603
109 79 5 100 134153 2.000308044
123 22 2 100 29305 2.000308161
26 97 5 100 76699 2.000308734
122 21 5 100 1864496 2.000309182
110 1 4 100 26650 2.000309679
34 131 5 100 56853 2.000309940
80 106 3 100 28698 2.000310193
37 68 5 100 3553 2.000310703
40 108 3 100 66500 2.000313275
9 19 2 100 2688154 2.000314215
9 15 3 100 3161695 2.000315279
72 25 2 100 35086 2.000315475
67 136 5 100 4237786 2.000315511
121 130 6 100 12869 2.000317193
17 136 4 100 95234 2.000317572
119 102 3 100 2308 2.000318959
3 13 2 100 3094947 2.000319015
21 79 1 100 3136784 2.000319226
54 100 7 100 1812713 2.000320094
137 62 2 100 2525478 2.000320170
45 2 5 100 1632892 2.000320230
143 130 10 100 3891 2.000320241
142 124 5 100 32113 2.000320900
8 79 3 100 23704876 2.000321350
43 135 8 100 8019 2.000321448
18 4 4 100 60344 2.000322138
54 44 8 100 29910233 2.000323930
118 87 4 100 61805 2.000324534
138 140 6 100 207786 2.000324931
54 74 9 100 2332927 2.000325587
89 128 7 100 77616 2.000327713
4 114 3 100 55306 2.000327952
69 119 4 100 1646223 2.000328559
51 14 5 100 159 2.000328717
101 49 5 100 4354070 2.000329997
66 30 3 100 25321 2.000332070
26 58 6 100 6930057 2.000332120
138 3 7 100 53213 2.000335928
63 87 4 100 66446 2.000336377
42 68 2 100 69572 2.000336612
113 48 2 100 66474 2.000336964
31 0 5 100 192 2.000339100
108 139 4 100 4404652 2.000340860
130 52 4 100 39130 2.000341583
64 43 7 100 27685 2.000341875
32 10 3 100 25484 2.000343583
143 69 11 100 241 2.000346329
12 97 3 100 3981028 2.000347163
6 84 6 100 1358 2.000347184
104 8 2 100 38938 2.000347916
121 139 7 100 117788 2.000347956
119 96 4 100 5725 2.000347986
4 88 4 100 79414 2.000350853
124 13 7 100 18915 2.000351444
87 122 4 100 1276389 2.000352856
77 85 4 100 4788 2.000353484
50 115 3 100 1751100 2.000354193
100 131 5 100 3435662 2.000354290
44 118 10 100 20381048 2.000354534
35 13 7 100 24653 2.000355099
26 31 7 100 1720606 2.000356380
36 118 4 100 7708 2.000356660
62 121 5 100 163221 2.000357279
68 105 3 100 67499 2.000357393
137 49 3 100 9128 2.000357904
9 30 4 100 2639433 2.000360578
64 6 8 100 21606 2.000360875
61 120 3 100 143390 2.000361638
96 91 2 100 5749 2.000361999
71 75 5 100 1084154 2.000362032
48 7 7 100 4994233 2.000362648
70 110 7 100 26986 2.000363151
3 121 3 100 2282992 2.000363831
19 73 7 100 1719916 2.000365763
93 34 5 100 418566 2.000366180
128 95 8 100 76252 2.000366629
79 90 4 100 432218 2.000367406
129 92 5 100 3341049 2.000367821
97 142 3 100 43800 2.000368269
52 134 1 100 1018663 2.000369433
22 61 3 100 168153 2.000369490
114 58 6 100 3530 2.000369882
110 100 5 100 21198 2.000371138
115 139 4 100 47343 2.000372587
44 24 11 100 50816 2.000374197
29 51 3 100 119267 2.000375085
86 48 7 100 3708 2.000375746
121 98 8 100 28274 2.000376394
50 93 4 100 9284 2.000376712
137 138 4 100 19342 2.000377111
59 49 2 100 1925111 2.000377123
107 52 2 100 60504 2.000381558
32 10 4 100 757354 2.000382926
56 75 3 100 1112331 2.000382998
8 48 4 100 41343 2.000383670
75 82 6 100 5727 2.000383890
104 125 3 100 4202610 2.000385387
130 44 5 100 5909249 2.000385562
6 133 7 100 7645 2.000386260
52 138 2 100 2577 2.000387178
41 36 6 100 6443987 2.000387489
31 80 6 100 1032427 2.000387646
87 1 5 100 196192 2.000388416
126 26 4 100 6981 2.000388807
60 125 2 100 8806294 2.000390935
83 65 7 100 10549492 2.000390997
122 26 6 100 846276 2.000391831
60 35 3 100 55752 2.000391962
41 54 7 100 3927680 2.000393834
13 37 4 100 1512423 2.000394148
77 21 5 100 61903 2.000394448
47 105 3 100 38239 2.000395694
38 45 6 100 36774 2.000396222
53 103 4 100 8098 2.000396502
111 105 2 100 21984 2.000399352
27 91 7 100 111453 2.000399545
37 11 6 100 8254269 2.000399754
126 49 5 100 75945 2.000400879
9 98 5 100 65608 2.000400928
48 75 8 100 3248 2.000401475
57 51 3 100 2169569 2.000402099
19 86 8 100 1948863 2.000402157
22 68 4 100 4317562 2.000402165
120 46 3 100 19020 2.000402252
34 78 6 100 71415 2.000402274
22 30 5 100 60970 2.000402458
120 5 4 100 16116015 2.000402693
50 8 5 100 4721203 2.000402873
47 138 4 100 33605 2.000405099
40 91 4 100 31754 2.000406045
31 52 7 100 1452137 2.000406617
140 104 4 100 4166 2.000406849
132 45 3 100 98150 2.000407933
109 88 6 100 22346 2.000408583
13 70 5 100 1202423 2.000409084
109 54 7 100 48123 2.000409267
6 41 8 100 1379 2.000409494
116 120 2 100 48799 2.000409511
73 83 3 100 62432 2.000410167
96 139 3 100 28142 2.000410477
26 63 8 100 60829 2.000410774
140 68 5 100 150557 2.000411564
108 129 5 100 9946 2.000412079
16 139 2 100 45639 2.000412440
34 133 7 100 2502 2.000413184
142 54 6 100 38776 2.000414401
41 31 8 100 3701849 2.000414626
37 71 7 100 34206 2.000417418
84 65 6 100 2118276 2.000417468
109 68 8 100 51752 2.000417535
136 17 5 100 4485103 2.000417662
5 82 3 100 60252 2.000419833
20 140 8 100 60433 2.000420117
45 112 6 100 19026 2.000421415
122 130 7 100 30436 2.000421800
6 11 9 100 4312915 2.000422810
127 92 3 100 43197 2.000424057
0 117 6 100 27513 2.000424171
100 77 6 100 9850760 2.000424382
56 51 4 100 1755162 2.000424695
127 7 4 100 15503 2.000424889
126 43 6 100 22087 2.000425735
100 113 7 100 633488 2.000425905
134 61 7 100 1140141 2.000426408
95 14 4 100 3451606 2.000426434
116 59 3 100 519994 2.000427442
5 125 4 100 55773 2.000427796
73 64 4 100 3654937 2.000428295
132 58 4 100 8099539 2.000428312
31 36 8 100 8124 2.000428318
109 93 9 100 1700186 2.000429149
125 118 5 100 38010 2.000429879
5 115 5 100 49348 2.000429976
132 69 5 100 2814615 2.000430925
69 142 5 100 22419 2.000434152
46 31 2 100 94624 2.000434248
15 60 5 100 8310492 2.000437024
107 135 3 100 7590 2.000437148
73 109 5 100 20310 2.000438785
102 6 5 100 9716579 2.000439153
6 71 10 100 175463 2.000440494
133 68 4 100 7203416 2.000441712
56 25 5 100 4379208 2.000441905
70 37 8 100 11097 2.000442403
90 106 3 100 45447 2.000442908
49 65 3 100 1407030 2.000442910
26 54 9 100 2334819 2.000443526
51 127 6 100 7129405 2.000444203
91 26 5 100 17861 2.000445069
66 138 4 100 4277 2.000445153
30 86 4 100 17030 2.000445233
82 53 3 100 2511830 2.000445899
51 6 7 100 2783751 2.000445912
136 75 6 100 18430 2.000446806
69 55 6 100 1743887 2.000447016
10 46 3 100 7947 2.000447370
82 32 4 100 2122812 2.000447912
5 19 6 100 1173877 2.000448691
110 62 6 100 1718605 2.000449871
124 93 8 100 6784290 2.000449909
127 64 5 100 9490 2.000450259
103 43 4 100 440418 2.000450497
40 11 5 100 311662 2.000450669
98 122 5 100 40686 2.000450854
122 21 8 100 6920 2.000450992
39 127 4 100 1720050 2.000451574
68 70 4 100 2809723 2.000452156
94 89 2 100 65501 2.000452509
42 3 3 100 71530 2.000453426
7 123 4 100 2020233 2.000454427
114 49 7 100 5115 2.000456690
73 13 6 100 26479 2.000457733
1 32 3 100 40994 2.000458317
128 5 9 100 75626 2.000460353
46 80 3 100 74022 2.000460721
80 141 4 100 8127 2.000461586
73 141 7 100 42249 2.000461825
1 19 4 100 1983399 2.000462395
18 80 5 100 25707 2.000462920
131 25 4 100 211335 2.000463483
35 38 8 100 13927 2.000463491
117 77 4 100 118554 2.000463593
67 69 6 100 28235 2.000465190
101 33 6 100 7382259 2.000465206
13 81 6 100 160611 2.000465446
31 114 9 100 7122588 2.000465666
31 60 10 100 4487209 2.000465876
108 121 6 100 2115 2.000466872
44 19 12 100 41962 2.000467130
131 76 5 100 607794 2.000468239
101 117 7 100 2240 2.000468399
78 53 2 100 19660986 2.000468973
100 45 8 100 29117 2.000469663
112 110 5 100 1363598 2.000473332
62 82 6 100 1701224 2.000474283
70 27 9 100 62660 2.000474441
128 105 10 100 53786 2.000474933
11 105 8 100 29525 2.000475237
104 20 4 100 44061 2.000475360
52 27 3 100 1445611 2.000476932
63 3 5 100 21161 2.000477159
46 27 4 100 1538 2.000479343
22 0 6 100 3568 2.000480011
87 66 6 100 55494 2.000480355
19 102 9 100 8427 2.000480803
36 50 5 100 25411 2.000482413
133 54 5 100 6195 2.000482955
70 52 10 100 4353 2.000483286
82 119 5 100 1361467 2.000483719
35 92 9 100 1522096 2.000483983
125 34 6 100 2236 2.000484387
47 114 5 100 43882 2.000484583
49 50 4 100 26339 2.000484878
120 58 5 100 145011 2.000484966
5 52 7 100 56018 2.000485462
88 74 4 100 163483 2.000485491
98 143 6 100 258121 2.000486619
137 84 5 100 73650 2.000487228
113 35 3 100 46586 2.000487479
96 112 4 100 933317 2.000487926
79 1 5 100 188815 2.000488044
18 54 6 100 115050 2.000489005
125 41 7 100 2618606 2.000491179
55 6 4 100 6500 2.000493748
119 47 5 100 73571 2.000494797
38 90 7 100 1722952 2.000494892
4 26 5 100 76117 2.000495007
83 1 8 100 3653341 2.000495342
37 34 8 100 4673 2.000496697
12 103 4 100 6726358 2.000496795
95 68 5 100 442 2.000496803
115 125 5 100 11547 2.000496857
118 30 5 100 27659 2.000497776
93 118 6 100 2783673 2.000498154
14 79 4 100 1921 2.000498851
109 13 10 100 14584 2.000498862
98 68 7 100 29046 2.000499237
135 39 7 100 2708374 2.000499598
88 34 5 100 19129973 2.000502589
70 125 11 100 8066 2.000503027
66 26 5 100 1098897 2.000503684
42 78 4 100 3310 2.000505039
78 12 3 100 6027 2.000505075
117 69 5 100 2136939 2.000505506
84 34 7 100 1606241 2.000505687
29 116 4 100 26546 2.000506052
121 56 9 100 693867 2.000506223
11 26 9 100 46909 2.000506348
31 37 11 100 1338527 2.000506701
14 96 5 100 24082 2.000507147
7 8 5 100 1456105 2.000507550
34 92 8 100 3964 2.000509423
62 116 7 100 69721 2.000509858
75 140 7 100 1223455 2.000511828
104 54 5 100 5795355 2.000512371
138 13 8 100 405625 2.000514041
124 130 9 100 9057 2.000514687
94 67 3 100 531468 2.000515275
52 63 4 100 49892 2.000516721
82 96 6 100 9103 2.000518785
53 19 5 100 5361 2.000519834
15 19 6 100 1740714 2.000521767
31 58 12 100 22162 2.000522684
15 77 7 100 622 2.000523696
53 99 6 100 18697132 2.000523749
8 62 5 100 66581 2.000523971
2 110 6 100 1306781 2.000524977
9 118 6 100 16752 2.000526731
125 61 8 100 485 2.000527050
0 85 7 100 138647 2.000527164
124 16 10 100 1463349 2.000527790
133 29 6 100 1138201 2.000527908
31 32 13 100 763679 2.000528905
140 10 6 100 9640 2.000529193
25 46 3 100 878061 2.000530184
84 80 8 100 6305418 2.000533020
32 39 5 100 78694 2.000533043
106 138 5 100 44425 2.000533341
16 48 3 100 76506 2.000534217
71 51 6 100 1348370 2.000535269
112 39 6 100 9888 2.000536691
95 51 6 100 21803 2.000537146
68 136 5 100 903173 2.000537509
103 79 5 100 27161 2.000538571
74 13 3 100 6180 2.000538710
87 65 7 100 7592965 2.000538863
67 61 7 100 36332 2.000542378
16 115 4 100 21344 2.000542403
135 17 8 100 701782 2.000542595
96 128 5 100 56951 2.000542911
87 50 8 100 1822034 2.000543211
2 89 7 100 21259 2.000545106
122 59 9 100 91773 2.000545165
80 104 5 100 436769 2.000545815
41 136 9 100 1435286 2.000546162
29 138 5 100 43653 2.000546422
82 141 7 100 23294 2.000546744
18 35 7 100 2597 2.000547792
11 37 10 100 7558377 2.000547821
49 54 5 100 5021 2.000547874
71 5 7 100 9968 2.000548659
139 34 5 100 22801 2.000548702
111 28 3 100 91646 2.000549452
112 59 7 100 5810 2.000549932
37 56 9 100 1949070 2.000550208
1 65 5 100 13677 2.000550513
66 85 6 100 67591 2.000550652
57 108 4 100 31477 2.000552141
30 84 5 100 45435 2.000552974
135 86 9 100 52441 2.000553591
48 96 9 100 1572945 2.000555439
110 79 7 100 8641492 2.000557789
39 13 5 100 985735 2.000557957
70 46 12 100 846593 2.000559597
136 24 7 100 18672791 2.000560802
98 52 8 100 380099 2.000563137
2 137 8 100 13713 2.000563547
83 130 9 100 2059115 2.000563800
50 39 6 100 25718 2.000563863
4 70 6 100 26104 2.000564238
33 135 5 100 8784483 2.000564404
126 27 7 100 50125 2.000565622
87 137 9 100 5928 2.000566538
84 65 9 100 1164283 2.000566956
67 101 8 100 382487 2.000567034
67 58 9 100 7338 2.000567162
136 0 8 100 167898 2.000567186
116 83 4 100 4641463 2.000567451
139 65 6 100 82776 2.000567451
72 121 3 100 669375 2.000567529
98 113 9 100 2814 2.000567669
127 126 6 100 185639 2.000568111
111 58 4 100 7008304 2.000568956
140 7 7 100 697248 2.000569223
92 4 6 100 2989122 2.000569412
117 133 6 100 177262 2.000570463
71 28 8 100 6061259 2.000570682
37 1 10 100 3183 2.000571044
59 0 3 100 17922 2.000571082
73 50 8 100 6649628 2.000571627
113 63 4 100 147271 2.000572212
71 0 9 100 3670 2.000573256
17 99 5 100 11452 2.000575862
6 63 11 100 69447 2.000576269
99 60 5 100 6270544 2.000576767
73 114 9 100 7434 2.000577500
60 121 4 100 73812 2.000577830
112 58 8 100 20605 2.000578198
0 117 8 100 1101359 2.000578859
115 82 6 100 6636272 2.000579123
105 114 2 100 32782 2.000579246
0 131 9 100 4438412 2.000580053
29 9 6 100 56511 2.000580420
10 113 4 100 27162 2.000580498
16 136 5 100 3129 2.000580638
48 100 10 100 14054246 2.000581480
102 64 6 100 89746 2.000581517
135 138 10 100 1793228 2.000581964
107 88 4 100 4558305 2.000583915
139 138 7 100 11565 2.000583993
111 86 5 100 29596378 2.000585429
78 132 4 100 35420 2.000585841
45 131 7 100 7162 2.000586725
86 54 8 100 48031 2.000588017
41 140 10 100 4747 2.000588582
65 117 3 100 20293 2.000589297
143 30 12 100 3633428 2.000589420
112 8 9 100 16103 2.000589805
14 85 6 100 65895 2.000590564
69 79 7 100 6802 2.000590921
79 36 6 100 78683 2.000592139
80 8 6 100 20660 2.000592174
94 55 4 100 27274 2.000592758
2 142 9 100 42287 2.000593418
64 5 9 100 69275 2.000593466
33 43 6 100 7994157 2.000594038
86 132 9 100 64723 2.000594346
137 65 6 100 47085 2.000594550
96 55 6 100 609 2.000595826
131 68 6 100 8910 2.000596300
4 58 7 100 97848 2.000596810
139 8 8 100 72531 2.000597221
139 1 9 100 1329201 2.000597613
40 76 6 100 14640910 2.000597767
117 110 7 100 6997227 2.000598076
5 93 8 100 4894517 2.000598842
130 1 6 100 23086067 2.000599233
16 99 6 100 139418 2.000600114
11 46 11 100 693550 2.000600288
121 15 10 100 5112 2.000602872
79 31 7 100 9067 2.000603596
73 29 10 100 23187 2.000604206
91 128 6 100 811 2.000604583
80 27 7 100 407770 2.000604638
122 81 10 100 5781 2.000604777
9 123 7 100 2403428 2.000605238
1 72 6 100 1386372 2.000605432
125 93 9 100 67959 2.000605653
28 16 6 100 2175 2.000606245
128 20 11 100 57240 2.000606453
24 45 5 100 26435 2.000606488
17 116 6 100 4641 2.000607376
94 4 5 100 173562 2.000607911
41 43 11 100 46956 2.000608292
132 101 6 100 61183 2.000609444
12 104 5 100 1635 2.000609681
132 54 7 100 838354 2.000610531
118 140 6 100 3930 2.000611398
133 20 7 100 911036 2.000612096
8 16 6 100 3342240 2.000612462
143 92 13 100 904524 2.000612601
12 115 6 100 223 2.000612620
80 41 8 100 510368 2.000613491
128 65 12 100 65722 2.000615257
108 80 7 100 14282 2.000616003
12 71 7 100 13283 2.000616563
34 91 9 100 5613949 2.000617126
133 122 8 100 36258 2.000617309
20 103 9 100 60385 2.000617413
83 103 10 100 4867736 2.000617649
14 40 7 100 15487 2.000618024
55 49 5 100 85265 2.000619228
127 27 7 100 1714194 2.000619329
41 122 12 100 16437399 2.000621580
48 75 11 100 25637 2.000623129
51 100 8 100 6193 2.000624752
75 134 8 100 23730 2.000626387
53 49 7 100 193375 2.000626422
2 56 10 100 7251697 2.000626822
44 90 13 100 3413893 2.000627457
115 25 7 100 5798168 2.000627594
65 49 4 100 511446 2.000627941
107 82 5 100 841602 2.000629059
80 132 9 100 12419 2.000630759
41 123 13 100 3535 2.000630886
61 116 4 100 1284014 2.000630967
41 17 14 100 53858 2.000631412
51 96 9 100 7761444 2.000633136
62 100 8 100 71510 2.000634447
60 4 5 100 775 2.000635669
98 109 10 100 909317 2.000637105
60 120 6 100 3941 2.000637352
110 105 8 100 73081 2.000637492
36 99 6 100 5586979 2.000638443
15 110 8 100 4822 2.000639033
110 75 9 100 30140 2.000640133
58 75 2 100 954903 2.000641376
70 48 13 100 9079764 2.000642474
72 17 4 100 27748 2.000642653
83 31 11 100 102096 2.000643761
92 81 7 100 586148 2.000644288
57 64 5 100 38418 2.000644801
59 42 4 100 42654 2.000644876
131 10 7 100 1293948 2.000645412
81 39 6 100 16411 2.000646642
2 42 11 100 1286716 2.000646717
131 80 8 100 4500538 2.000648636
104 29 6 100 10886 2.000650159
41 68 15 100 162240 2.000651569
116 114 5 100 5335 2.000651942
49 116 6 100 75780 2.000653948
133 26 9 100 78351 2.000654127
68 36 6 100 47978 2.000654810
137 90 7 100 25061 2.000655099
60 19 7 100 1112 2.000657997
106 75 6 100 3612 2.000659676
74 76 4 100 74179 2.000659680
142 52 7 100 43960 2.000661404
11 115 12 100 9808405 2.000661476
67 16 10 100 34667 2.000661945
70 97 14 100 6654545 2.000662020
75 125 9 100 5052231 2.000662133
59 119 5 100 31495 2.000662660
17 19 7 100 144661 2.000662904
124 59 11 100 6419 2.000663080
95 18 7 100 7551 2.000663483
30 46 6 100 22198 2.000663653
133 7 10 100 21774 2.000663730
54 89 10 100 2642004 2.000664607
35 59 10 100 8727 2.000665781
47 128 6 100 4403983 2.000668836
33 138 7 100 49134 2.000668967
44 121 14 100 730104 2.000669039
37 101 11 100 27870 2.000669235
39 104 6 100 22804 2.000669869
130 131 7 100 28599 2.000670543
130 54 8 100 749467 2.000671170
60 40 8 100 3286859 2.000671208
8 93 7 100 2430592 2.000671722
143 21 14 100 1884290 2.000672445
83 69 12 100 10239 2.000673054
70 84 15 100 64078 2.000673820
27 78 8 100 604225 2.000674283
83 11 13 100 49316 2.000674439
2 65 12 100 5391 2.000677372
119 54 6 100 1789584 2.000678096
93 65 7 100 36169 2.000679041
78 118 5 100 3961 2.000679744
48 38 12 100 8332 2.000680033
73 90 11 100 1342606 2.000680216
86 62 10 100 2673 2.000682094
56 60 6 100 59881 2.000682255
71 65 10 100 4543968 2.000682460
63 57 6 100 2829712 2.000682614
62 27 9 100 34968 2.000682639
55 38 6 100 18436 2.000683392
50 133 7 100 24826 2.000683735
134 2 8 100 23502 2.000684042
85 115 3 100 2276 2.000685888
77 92 6 100 4806636 2.000686313
71 132 11 100 3000743 2.000686958
106 5 7 100 9567 2.000687050
46 6 5 100 4509834 2.000688276
63 31 7 100 2449079 2.000689274
37 55 12 100 9334 2.000689340
117 31 8 100 46329 2.000689903
57 55 6 100 512265 2.000690891
124 72 12 100 3116 2.000690970
32 19 6 100 8189805 2.000692953
13 82 7 100 20474 2.000693160
105 36 3 100 3991757 2.000693496
131 50 9 100 42839 2.000693556
105 113 4 100 21717 2.000694940
128 33 13 100 28031 2.000695449
90 114 4 100 5806 2.000695890
55 95 7 100 96819 2.000695943
84 120 10 100 9075879 2.000696980
114 120 8 100 53230 2.000697501
30 139 7 100 2675805 2.000697628
9 21 8 100 49318 2.000697844
43 98 9 100 77051 2.000698911
130 42 9 100 3910518 2.000699096
6 55 12 100 63936 2.000699182
143 43 15 100 1892256 2.000700202
60 51 9 100 9142932 2.000700995
91 79 7 100 27112600 2.000702808
56 119 7 100 1003891 2.000704623
74 44 5 100 4996 2.000705654
111 117 6 100 23132 2.000706054
95 76 8 100 4027 2.000707252
42 96 5 100 2449034 2.000707302
52 36 5 100 74581 2.000708582
90 126 5 100 9288996 2.000709163
137 23 8 100 1863222 2.000709958
141 20 5 100 4853886 2.000710391
56 127 8 100 73656 2.000712330
23 10 5 100 51416 2.000712603
91 135 8 100 29870193 2.000712925
15 104 9 100 46395 2.000713305
80 123 10 100 2179 2.000714046
20 44 10 100 2614 2.000714620
11 25 13 100 5379 2.000715302
84 80 11 100 7155 2.000715477
96 117 7 100 123316 2.000716142
58 68 3 100 941231 2.000716648
30 142 8 100 175479 2.000716895
51 9 10 100 7426025 2.000717632
25 112 4 100 280 2.000719833
128 140 14 100 102093 2.000720061
61 97 5 100 9984878 2.000720652
40 68 7 100 2477 2.000721452
90 27 6 100 457088 2.000721994
3 82 4 100 38488 2.000722210
123 48 3 100 68206 2.000722758
25 77 5 100 1438177 2.000723366
0 72 10 100 4118 2.000724359
12 89 8 100 14896595 2.000724863
11 13 14 100 73164 2.000724969
32 126 7 100 1411766 2.000725095
9 70 9 100 556104 2.000725845
116 21 6 100 9631209 2.000727030
77 81 7 100 4377 2.000727996
106 49 8 100 7751 2.000728202
49 86 7 100 22518254 2.000728659
71 41 12 100 2073 2.000729400
117 105 9 100 175929 2.000729738
6 31 13 100 7263550 2.000731421
55 62 8 100 18668 2.000733099
65 45 5 100 10023441 2.000735293
96 56 8 100 3701242 2.000735802
143 69 16 100 9673 2.000736342
101 141 8 100 1015 2.000736706
124 111 13 100 4485151 2.000738194
13 60 8 100 51360 2.000738996
26 85 10 100 357980 2.000739373
34 53 10 100 3288383 2.000739774
107 11 6 100 58902 2.000740016
47 14 7 100 4386431 2.000740235
70 63 16 100 27022 2.000740308
6 66 14 100 424269 2.000741016
76 105 4 100 1830223 2.000741217
32 134 8 100 21982 2.000741218
45 110 8 100 48482 2.000741952
57 16 7 100 378957 2.000743991
124 63 14 100 20873 2.000744167
10 7 5 100 1836799 2.000745620
35 141 11 100 8333 2.000746541
100 5 9 100 4401059 2.000746571
26 118 11 100 4565307 2.000747112
117 10 10 100 38763 2.000747978
134 27 9 100 1180926 2.000751162
73 4 12 100 640507 2.000751799
29 76 7 100 8853100 2.000753352
112 36 10 100 25503 2.000753556
59 52 6 100 3497578 2.000754054
52 74 6 100 74215 2.000756089
117 140 11 100 29620 2.000756481
79 138 8 100 67378 2.000757559
112 64 11 100 8444 2.000759918
137 81 9 100 160033 2.000759991
59 119 7 100 772 2.000760137
106 109 9 100 21695 2.000760352
85 2 4 100 1417916 2.000761027
72 75 5 100 8539047 2.000761077
64 18 10 100 47743 2.000761959
79 69 9 100 70972 2.000762073
17 19 8 100 22077 2.000762614
73 112 13 100 1540238 2.000762673
135 75 11 100 2690097 2.000762962
143 43 17 100 175668 2.000763080
129 40 6 100 57894 2.000764265
83 41 14 100 69076 2.000764997
44 35 15 100 53624 2.000767767
28 47 7 100 1067312 2.000768347
130 112 10 100 913 2.000768422
88 78 6 100 8658 2.000768679
128 113 15 100 15022 2.000768742
54 2 11 100 22970 2.000768792
112 100 12 100 667033 2.000768925
130 62 11 100 112000 2.000769508
25 1 6 100 34068 2.000770017
115 90 8 100 4372113 2.000770270
16 100 7 100 56033 2.000770621
94 45 6 100 45277 2.000770634
20 130 11 100 904753 2.000771467
96 84 9 100 3770 2.000771940
105 102 5 100 71074 2.000772338
84 23 12 100 34693 2.000772856
21 75 2 100 163850 2.000772919
22 76 7 100 3690753 2.000773430
109 3 11 100 55596 2.000773457
47 12 8 100 32177 2.000775144
103 48 6 100 2885416 2.000775200
20 8 12 100 3915297 2.000776148
134 40 10 100 4287911 2.000777122
21 47 3 100 31283 2.000780546
132 121 8 100 9993593 2.000781405
24 76 6 100 37885 2.000781626
33 137 8 100 186658 2.000782783
74 45 6 100 419087 2.000783182
97 37 4 100 5060245 2.000783893
29 126 8 100 158185 2.000784487
112 59 13 100 1653590 2.000784788
18 6 8 100 1348716 2.000786353
50 83 8 100 23404 2.000787816
21 23 4 100 563942 2.000788328
50 29 9 100 23539 2.000788413
28 61 8 100 870832 2.000788551
118 116 7 100 267357 2.000788591
112 32 14 100 4690931 2.000789661
12 27 9 100 52887 2.000790853
134 93 11 100 73332 2.000791281
22 53 8 100 1068 2.000791549
141 103 6 100 41418 2.000792331
130 139 12 100 346216 2.000792442
93 68 8 100 23982 2.000792455
13 103 9 100 12033 2.000792533
92 90 8 100 3667224 2.000793200
90 125 7 100 1328953 2.000794194
71 76 13 100 1025158 2.000795676
88 116 7 100 20268 2.000795928
33 26 9 100 34922 2.000796008
111 50 7 100 9197 2.000796241
103 117 7 100 23265 2.000799017
97 119 5 100 96690 2.000800003
29 21 9 100 193350 2.000800426
23 109 6 100 1865403 2.000801138
33 50 10 100 44446 2.000801748
133 140 11 100 77466 2.000805127
60 124 10 100 2432329 2.000805167
99 4 6 100 6247610 2.000805716
63 59 8 100 8463 2.000806631
80 122 11 100 52473 2.000806790
42 129 6 100 3016272 2.000808007
109 0 12 100 5282747 2.000809843
8 65 8 100 26111 2.000810890
0 101 11 100 6977 2.000811298
44 9 16 100 9002 2.000811574
26 86 12 100 23527 2.000812481
45 116 9 100 7086706 2.000813590
133 118 12 100 120386 2.000814231
84 93 13 100 8854 2.000814387
44 121 17 100 3477 2.000814833
26 16 13 100 841790 2.000817670
23 71 7 100 881147 2.000818033
118 63 8 100 47598 2.000818908
15 62 10 100 51382 2.000819143
113 136 5 100 18041 2.000820230
136 125 9 100 45216 2.000820753
82 81 8 100 49003 2.000821110
83 14 15 100 13540 2.000822101
113 109 6 100 50751 2.000822490
140 80 8 100 701684 2.000822740
44 82 18 100 3089520 2.000822805
108 112 8 100 9626137 2.000822884
59 103 8 100 163370 2.000823287
85 114 5 100 68234 2.000824198
133 17 13 100 41643 2.000824769
18 137 9 100 319870 2.000824864
50 32 10 100 588937 2.000825672
76 110 5 100 3519499 2.000825811
65 1 6 100 2984085 2.000826177
61 63 6 100 1164693 2.000828483
82 30 9 100 22395 2.000829202
4 3 8 100 3797310 2.000829800
26 134 14 100 4638 2.000831021
106 34 10 100 167421 2.000831980
4 107 9 100 9488551 2.000833312
89 34 8 100 1872 2.000833538
13 35 10 100 8038 2.000833641
115 42 9 100 3245 2.000833743
46 139 6 100 50185 2.000834049
70 108 17 100 22808 2.000835042
140 40 9 100 16799 2.000837258
30 122 9 100 52667 2.000840674
90 53 8 100 317668 2.000841000
106 29 11 100 17353 2.000845963
84 75 14 100 1056839 2.000847066
46 140 7 100 3369913 2.000847828
87 125 10 100 131622 2.000847876
93 107 9 100 43597 2.000851221
1 17 7 100 65398 2.000851415
104 8 7 100 8479885 2.000851886
38 85 8 100 304012 2.000853090
8 135 9 100 36488 2.000855552
113 141 7 100 1410098 2.000856481
27 139 9 100 7624840 2.000858814
15 75 11 100 49286 2.000859244
102 89 7 100 1241054 2.000859541
67 140 11 100 15388 2.000860767
72 7 6 100 2035164 2.000862643
101 117 9 100 42061 2.000865691
121 40 11 100 19497 2.000865873
62 119 10 100 13374523 2.000866369
86 22 11 100 52180 2.000867078
11 141 15 100 1394188 2.000867886
61 112 7 100 3272811 2.000868429
40 16 8 100 42963 2.000868732
59 34 9 100 77181 2.000873776
111 99 8 100 7141 2.000873823
27 26 10 100 175508 2.000875189
10 35 6 100 64379 2.000875549
137 98 10 100 21091 2.000875662
141 111 7 100 599 2.000875721
45 65 10 100 20764155 2.000875987
83 64 16 100 1377 2.000876327
7 48 6 100 4713 2.000877838
9 59 10 100 3211 2.000878644
128 78 16 100 57010 2.000879400
6 2 15 100 64879 2.000880362
130 69 13 100 4433224 2.000880884
143 81 18 100 49072 2.000880968
103 55 8 100 18848 2.000882869
0 99 12 100 41287 2.000883169
12 99 10 100 8237024 2.000883438
115 51 10 100 41508 2.000884001
31 93 14 100 1762763 2.000885327
76 88 6 100 4730 2.000885534
73 90 14 100 105890 2.000885633
30 88 10 100 784837 2.000885871
43 77 10 100 78776 2.000886948
59 134 10 100 1504251 2.000888023
11 131 16 100 18990 2.000888879
59 50 11 100 529774 2.000890369
102 81 8 100 1136055 2.000892676
64 65 11 100 1852463 2.000894568
25 33 7 100 562734 2.000895292
140 45 10 100 70927 2.000895894
40 97 9 100 32050 2.000897584
50 16 11 100 52167 2.000899015
105 32 6 100 2033 2.000899025
108 26 9 100 4842 2.000900082
50 18 12 100 5326650 2.000901176
113 123 8 100 28093 2.000902007
14 47 8 100 26823331 2.000903418
64 125 12 100 22041 2.000905300
142 127 8 100 11942 2.000905371
25 1 8 100 8686295 2.000905441
123 125 4 100 40676 2.000906107
90 118 9 100 213021 2.000908051
102 96 9 100 2862 2.000909490
142 134 9 100 4224 2.000910769
107 91 7 100 10583 2.000911732
141 52 8 100 6027 2.000911981
71 73 14 100 21316 2.000914325
14 77 9 100 6384 2.000924435
96 74 10 100 3221540 2.000924970
86 8 12 100 37928 2.000925111
136 3 10 100 286609 2.000925529
98 11 11 100 1194801 2.000926449
15 17 12 100 31601 2.000927323
123 138 5 100 26699 2.000928575
12 84 11 100 918049 2.000929709
64 52 13 100 55043 2.000932822
65 20 7 100 1710 2.000933052
85 33 6 100 1526168 2.000935868
58 30 4 100 21633 2.000936002
142 131 10 100 9086196 2.000936058
25 15 9 100 19000870 2.000939522
123 86 6 100 1440919 2.000939739
8 106 10 100 28783 2.000939906
105 1 7 100 4979 2.000942206
33 17 11 100 9025081 2.000943319
70 37 18 100 44377 2.000943342
61 124 8 100 55287 2.000943613
92 64 9 100 36382 2.000943644
103 32 9 100 90135 2.000944249
86 46 13 100 5654918 2.000944830
24 114 7 100 18615 2.000946767
48 94 13 100 2071336 2.000953896
81 20 7 100 1616803 2.000954063
64 110 14 100 29540 2.000957452
11 112 17 100 6004 2.000960916
130 104 14 100 44308 2.000963882
125 49 10 100 62340 2.000964155
40 118 10 100 2818 2.000964493
81 46 8 100 108173 2.000967593
46 102 8 100 31860 2.000970454
70 104 19 100 81707 2.000970484
130 122 15 100 664819 2.000974572
14 24 10 100 981999 2.000980454
104 107 8 100 1711 2.000984004
14 13 11 100 1039936 2.000986655
121 52 12 100 3641815 2.000986807
